140000
188500
325000
228500
172500
100000
316600
131000
108000
119750
178900
218000
192500
205000
214000
237500
139000
212000
173733
119000
203000
171000
163000
205000
132500
180500
412500
160000
115000
208300
173000
325000
192000
232000
124000
141000
135000
173000
402000
160000
110000
129000
250000
124000
91000
89500
140000
314813
127000
165000
222500
240000
195000
189000
252678
79900
228000
235000
110000
82500
121000
191000
180000
116000
222000
112000
177000
232000
112500
280000
147000
227000
200500
203000
236500
245500
257500
110000
128500
169000
145000
168500
130000
125500
178000
85400
235128
88000
294000
139000
174900
185500
139000
167000
100000
206900
176000
158000
176000
174000
142500
112000
318000
110000
164000
190000
83000
280000
254900
106000
197000
286000
147000
132500
374000
164500
248328
501837
250000
263435
135000
85500
143000
89500
196500
309000
119000
139000
143000
84000
145000
118500
55000
119000
118000
194500
250580
87000
340000
175000
98000
107000
172500
187500
213490
137000
160000
100000
117000
134000
345000
141500
142000
270000
385000
182900
150900
140000
257000
206000
151000
129000
150500
198900
175000
380000
138887
177000
81000
90000
272000
216500
259500
305900
227000
129500
139950
281213
58500
180500
339750
216837
315000
145000
127500
274725
91000
137450
130000
135000
97000
118000
119900
240000
244000
165500
143250
200000
267000
151000
139000
138000
86000
147500
342643
190000
139900
268000
62383
410000
196000
91500
151500
139000
134000
625000
114500
150000
235000
79900
176000
179900
144000
235000
168000
354000
128000
126500
165400
160000
221000
170000
186500
149700
235000
131500
215000
118500
324000
193000
128900
155000
167900
130500
127000
195000
162000
262280
189000
161000
129900
93000
248900
123000
165000
133000
260000
392500
185000
122500
89000
175000
237000
235000
275000
172785
151400
129000
169500
149900
128000
236500
269790
174000
118000
146000
175900
90000
157000
128500
133000
150750
256000
216000
350000
217000
140000
157000
107400
149300
110000
183200
